2 1
3 1
4 3
5 1
6 3
7 1
8 5
9 3
10 3
11 9
12 3
13 1
14 3
15 19
16 15
17 1
18 5
19 1
20 3
21 9
22 3
23 15
24 3
25 39
26 5
27 39
28 57
29 3
30 35
31 1
32 5
33 9
34 41
35 31
36 5
37 25
38 45
39 7
40 87
41 21
42 11
43 57
44 17
45 55
46 21
47 115
48 59
49 81
50 27
51 129
52 47
53 111
54 33
55 55
56 5
57 13
58 27
59 55
60 93
61 1
62 57
63 25
64 59
65 49
66 5
67 19
68 23
69 19
70 35
71 231
72 93
73 69
74 35
75 97
76 15
77 33
78 11
79 67
80 65
81 51
82 57
83 55
84 35
85 19
86 35
87 67
88 299
89 1
90 33
91 45
92 83
93 25
94 3
95 15
96 17
97 141
98 51
99 115
100 15
101 69
102 33
103 97
104 17
105 13
106 117
107 1
108 59
109 31
110 21
111 37
112 75
113 133
114 11
115 67
116 3
117 279
118 5
119 69
120 119
121 73
122 3
123 67
124 59
125 9
126 137
127 1
128 159
129 25
130 5
131 69
132 347
133 99
134 45
135 45
136 113
137 13
138 105
139 187
140 27
141 9
142 111
143 69
144 83
145 151
146 153
147 145
148 167
149 31
150 3
151 195
152 17
153 69
154 243
155 31
156 143
157 19
158 15
159 91
160 47
161 159
162 101
163 55
164 63
165 25
166 5
167 135
168 257
169 643
170 143
171 19
172 95
173 55
174 3
175 229
176 233
177 339
178 41
179 49
180 47
181 165
182 161
183 147
184 33
185 303
186 371
187 85
188 125
189 25
190 11
191 19
192 237
193 31
194 33
195 135
196 15
197 75
198 17
199 49
200 75
201 55
202 183
203 159
204 167
205 81
206 5
207 91
208 299
209 33
210 47
211 175
212 23
213 3
214 185
215 157
216 377
217 61
218 33
219 121
220 77
221 3
222 117
223 235
224 63
225 49
226 5
227 405
228 93
229 91
230 27
231 165
232 567
233 3
234 83
235 15
236 209
237 181
238 161
239 87
240 467
241 39
242 63
243 9
244 189
245 163
246 107
247 81
248 237
249 75
250 207
251 9
252 129
253 273
254 245
255 19
256 189
257 93
258 87
259 361
260 149
261 223
262 71
263 747
264 275
265 49
266 3
267 265
268 77
269 241
270 53
271 169
272 237
273 205
274 305
275 129
276 89
277 103
278 93
279 69
280 47
281 139
282 83
283 45
284 173
285 9
286 165
287 115
288 167
289 493
290 47
291 19
292 167
293 601
294 35
295 171
296 285
297 123
298 341
299 69
300 153
301 265
302 267
303 121
304 75
305 103
306 503
307 99
308 159
309 493
310 77
311 45
312 203
313 139
314 113
315 465
316 57
317 33
318 165
319 795
320 197
321 9
322 11
323 141
324 23
325 399
326 101
327 595
328 155
329 139
330 255
331 61
332 707
333 483
334 243
335 321
336 3
337 75
338 15
339 147
340 293
341 229
342 65
343 199
344 119
345 475
346 45
347 211
348 117
349 285
350 113
351 61
352 657
353 139
354 153
355 49
356 173
357 243
358 671
359 411
360 719
361 369
362 605
363 75
364 923
365 169
366 167
367 487
368 315
369 25
370 495
371 741
372 177
373 333
374 65
375 679
376 57
377 259
378 417
379 19
380 65
381 313
382 105
383 31
384 317
385 265
386 231
387 615
388 45
389 21
390 137
391 105
392 107
393 93
394 377
395 531
396 605
397 81
398 131
399 91
400 593
401 31
402 53
403 379
404 257
405 235
406 923
407 157
408 1005
409 103
410 51
411 205
412 183
413 21
414 17
415 45
416 435
417 1029
418 147
419 69
420 317
421 271
422 101
423 91
424 389
425 301
426 321
427 781
428 65
429 55
430 677
431 201
432 299
433 601
434 183
435 97
436 87
437 93
438 417
439 151
440 33
441 361
442 995
443 685
444 17
445 195
446 77
447 325
448 203
449 241
450 501
451 2239
452 3
453 285
454 57
455 217
456 627
457 273
458 57
459 549
460 77
461 649
462 195
463 157
464 437
465 819
466 813
467 511
468 17
469 283
470 35
471 147
472 209
473 579
474 135
475 129
476 153
477 123
478 95
479 537
480 47
481 273
482 275
483 301
484 39
485 1399
486 143
487 57
488 17
489 21
490 917
491 75
492 129
493 433
494 125
495 31
496 257
497 1291
498 563
499 151
500 863
501 45
502 671
503 91
504 503
505 91
506 45
507 265
508 243
509 741
510 75
511 187
512 569
513 445
514 767
515 225
516 689
517 489
518 917
519 91
520 383
521 1
522 117
523 1267
524 465
525 363
526 363
527 1017
528 65
529 31
530 1017
531 315
532 335
533 153
534 521
535 367
536 149
537 9
538 53
539 615
540 335
541 81
542 611
543 157
544 759
545 3
546 11
547 537
548 749
549 625
550 5
551 231
552 503
553 441
554 567
555 595
556 1295
557 339
558 261
559 411
560 717
561 153
562 743
563 9
564 95
565 45
566 113
567 297
568 645
569 199
570 261
571 369
572 275
573 193
574 105
575 1057
576 789
577 81
578 483
579 91
580 57
581 295
582 231
583 27
584 195
585 81
586 201
587 285
588 513
589 181
590 773
591 291
592 935
593 363
594 165
595 81
596 117
597 591
598 587
599 91
600 95
601 229
602 75
603 1137
604 585
605 519
606 153
607 1
608 527
609 1125
610 27
611 187
612 683
613 381
614 297
615 201
616 459
617 199
618 2487
619 45
620 15
621 223
622 195
623 219
624 117
625 199
626 131
627 217
628 455
629 709
630 395
631 759
632 813
633 441
634 141
635 135
636 87
637 111
638 405
639 499
640 305
641 73
642 563
643 397
644 369
645 1731
646 987
647 357
648 195
649 123
650 611
651 565
652 333
653 475
654 971
655 405
656 143
657 723
658 785
659 799
660 473
661 589
662 1017
663 67
664 17
665 541
666 93
667 241
668 209
669 339
670 161
671 1185
672 399
673 141
674 87
675 517
676 767
677 631
678 41
679 1959
680 939
681 159
682 63
683 45
684 107
685 679
686 651
687 871
688 759
689 3
690 455
691 1057
692 65
693 739
694 3
695 49
696 447
697 343
698 723
699 9
700 1113
701 159
702 87
703 529
704 245
705 1255
706 5
707 91
708 149
709 1923
710 1127
711 207
712 489
713 729
714 167
715 7
716 153
717 25
718 753
719 717
720 395
721 61
722 275
723 465
724 287
725 33
726 807
727 657
728 77
729 9
730 483
731 951
732 303
733 609
734 261
735 607
736 509
737 771
738 171
739 789
740 875
741 795
742 1281
743 37
744 173
745 225
746 665
747 1299
748 153
749 723
750 161
751 165
752 875
753 1101
754 417
755 199
756 107
757 141
758 363
759 529
760 173
761 285
762 143
763 267
764 393
765 415
766 641
767 1081
768 825
769 279
770 495
771 67
772 545
773 649
774 611
775 381
776 1539
777 1011
778 483
779 87
780 147
781 3345
782 551
783 301
784 759
785 349
786 137
787 277
788 453
789 201
790 677
791 337
792 1299
793 175
794 513
795 409
796 267
797 1095
798 503
799 411
800 105
801 205
802 47
803 495
804 387
805 511
806 621
807 189
808 17
809 313
810 5
811 87
812 195
813 73
814 281
815 61
816 959
817 295
818 281
819 579
820 519
821 139
822 195
823 97
824 209
825 61
826 755
827 199
828 423
829 123
830 153
831 1869
832 143
833 519
834 87
835 1821
836 447
837 1335
838 95
839 639
840 213
841 201
842 371
843 445
844 435
845 301
846 63
847 399
848 17
849 871
850 3
851 3417
852 777
853 1923
854 393
855 387
856 459
857 441
858 437
859 825
860 1967
861 441
862 1887
863 421
864 243
865 103
866 1713
867 555
868 467
869 21
870 783
871 301
872 177
873 441
874 1065
875 727
876 117
877 393
878 111
879 681
880 113
881 661
882 2201
883 91
884 189
885 541
886 45
887 69
888 915
889 49
890 135
891 201
892 395
893 1065
894 881
895 481
896 213
897 649
898 365
899 337
900 207
901 1281
902 1667
903 585
904 609
905 75
906 353
907 49
908 423
909 153
910 357
911 1191
912 1935
913 981
914 185
915 2145
916 683
917 189
918 957
919 241
920 185
921 669
922 483
923 31
924 143
925 421
926 1037
927 1501
928 645
929 979
930 765
931 129
932 617
933 133
934 365
935 799
936 1325
937 489
938 1601
939 205
940 215
941 385
942 627
943 367
944 573
945 451
946 1055
947 519
948 1629
949 81
950 117
951 1467
952 99
953 229
954 485
955 1027
956 1337
957 489
958 1127
959 439
960 167
961 129
962 1697
963 109
964 293
965 3151
966 1383
967 69
968 1347
969 1179
970 237
971 547
972 185
973 1153
974 651
975 115
976 2147
977 169
978 2355
979 819
980 525
981 325
982 1631
983 405
984 557
985 805
986 77
987 927
988 273
989 243
990 195
991 537
992 1779
993 45
994 1133
995 987
996 123
997 103
998 1133
999 139
1000 1245
1001 549
1002 387
1003 241
1004 1037
1005 979
1006 825
1007 61
1008 33
1009 1131
1010 231
1011 1209
1012 87
1013 1725
1014 347
1015 789
1016 303
1017 1449
1018 57
1019 135
1020 537
1021 553
1022 755
1023 361
1024 105
1025 2673
1026 2531
1027 4959
1028 497
1029 1195
1030 27
1031 171
1032 909
1033 319
1034 897
1035 441
1036 1127
1037 1359
1038 1535
1039 75
1040 395
1041 1083
1042 1065
1043 307
1044 567
1045 1435
1046 101
1047 1095
1048 449
1049 243
1050 1881
1051 175
1052 3789
1053 313
1054 33
1055 381
1056 725
1057 603
1058 125
1059 1449
1060 599
1061 349
1062 177
1063 585
1064 257
1065 51
1066 113
1067 525
1068 279
1069 195
1070 783
1071 741
1072 1305
1073 111
1074 683
1075 2301
1076 825
1077 33
1078 801
1079 75
1080 405
1081 235
1082 1223
1083 207
1084 285
1085 1321
1086 3323
1087 4005
1088 89
1089 849
1090 53
1091 1455
1092 1085
1093 255
1094 311
1095 45
1096 2255
1097 411
1098 263
1099 1035
1100 75
1101 303
1102 173
1103 55
1104 1049
1105 1335
1106 483
1107 199
1108 405
1109 363
1110 413
1111 325
1112 129
1113 1129
1114 587
1115 421
1116 93
1117 703
1118 533
1119 795
1120 2555
1121 481
1122 1727
1123 915
1124 2627
1125 195
1126 605
1127 2259
1128 627
1129 855
1130 257
1131 597
1132 39
1133 1015
1134 83
1135 957
1136 5
1137 609
1138 185
1139 1729
1140 185
1141 1855
1142 1235
1143 1095
1144 1079
1145 303
1146 131
1147 3181
1148 617
1149 549
1150 237
1151 139
1152 927
1153 999
1154 1121
1155 345
1156 293
1157 1629
1158 681
1159 129
1160 2523
1161 205
1162 1077
1163 117
1164 333
1165 201
1166 1181
1167 279
1168 1013
1169 1281
1170 833
1171 49
1172 63
1173 1041
1174 195
1175 229
1176 335
1177 211
1178 825
1179 885
1180 113
1181 55
1182 1605
1183 69
1184 107
1185 405
1186 243
1187 1455
1188 483
1189 133
1190 827
1191 181
1192 503
1193 729
1194 713
1195 561
1196 299
1197 111
1198 227
1199 979
1200 305
1201 151
1202 1371
1203 741
1204 35
1205 85
1206 1283
1207 357
1208 237
1209 63
1210 405
1211 987
1212 249
1213 589
1214 65
1215 679
1216 563
1217 849
1218 1673
1219 525
1220 227
1221 469
1222 1265
1223 421
1224 1577
1225 369
1226 2247
1227 219
1228 5
1229 181
1230 123
1231 511
1232 267
1233 471
1234 405
1235 715
1236 165
1237 129
1238 65
1239 55
1240 669
1241 73
1242 1535
1243 717
1244 1139
1245 675
1246 165
1247 331
1248 635
1249 265
1250 597
1251 1237
1252 495
1253 1065
1254 453
1255 67
1256 233
1257 1861
1258 405
1259 645
1260 35
1261 465
1262 941
1263 31
1264 299
1265 3705
1266 2393
1267 181
1268 257
1269 1159
1270 1617
1271 1095
1272 1593
1273 735
1274 825
1275 691
1276 117
1277 555
1278 45
1279 1
1280 1175
1281 1339
1282 1793
1283 691
1284 773
1285 529
1286 261
1287 387
1288 1487
1289 1489
1290 425
1291 325
1292 3023
1293 819
1294 587
1295 817
1296 767
1297 1743
1298 741
1299 2007
1300 75
1301 1323
1302 1301
1303 1677
1304 927
1305 871
1306 347
1307 757
1308 243
1309 1993
1310 201
1311 1609
1312 509
1313 1015
1314 971
1315 1225
1316 723
1317 453
1318 1187
1319 769
1320 377
1321 1195
1322 141
1323 661
1324 209
1325 1521
1326 173
1327 1495
1328 807
1329 979
1330 477
1331 451
1332 1623
1333 699
1334 2091
1335 2407
1336 1029
1337 415
1338 423
1339 865
1340 2397
1341 1945
1342 227
1343 1351
1344 1175
1345 81
1346 1151
1347 441
1348 467
1349 349
1350 291
1351 295
1352 317
1353 2781
1354 141
1355 495
1356 87
1357 1179
1358 3947
1359 459
1360 747
1361 99
1362 425
1363 1081
1364 903
1365 363
1366 1377
1367 547
1368 1187
1369 645
1370 117
1371 291
1372 273
1373 421
1374 383
1375 291
1376 929
1377 319
1378 747
1379 561
1380 719
1381 1491
1382 435
1383 1459
1384 3153
1385 2101
1386 483
1387 1879
1388 1479
1389 1515
1390 1331
1391 559
1392 33
1393 609
1394 1155
1395 355
1396 903
1397 615
1398 1073
1399 439
1400 609
1401 741
1402 467
1403 61
1404 767
1405 963
1406 1415
1407 285
1408 413
1409 55
1410 41
1411 1999
1412 395
1413 513
1414 893
1415 2277
1416 117
1417 445
1418 257
1419 555
1420 1287
1421 411
1422 611
1423 381
1424 575
1425 2055
1426 1085
1427 385
1428 983
1429 1519
1430 611
1431 705
1432 339
1433 589
1434 23
1435 885
1436 173
1437 1843
1438 1251
1439 997
1440 857
1441 253
1442 561
1443 121
1444 2373
1445 255
1446 177
1447 805
1448 65
1449 651
1450 2111
1451 4147
1452 1217
1453 489
1454 1125
1455 357
1456 827
1457 2869
1458 437
1459 939
1460 153
1461 363
1462 533
1463 685
1464 297
1465 1083
1466 2067
1467 55
1468 573
1469 705
1470 593
1471 759
1472 5309
1473 441
1474 795
1475 289
1476 975
1477 1795
1478 885
1479 195
1480 717
1481 315
1482 75
1483 417
1484 3317
1485 1845
1486 35
1487 421
1488 189
1489 1119
1490 1335
1491 559
1492 95
1493 363
1494 677
1495 237
1496 569
1497 1165
1498 1293
1499 211
1500 669
1501 2143
1502 815
1503 325
1504 1019
1505 33
1506 257
1507 2805
1508 2633
1509 4533
1510 2525
1511 2031
1512 263
1513 963
1514 371
1515 471
1516 1739
1517 135
1518 2063
1519 775
1520 509
1521 171
1522 4551
1523 45
1524 705
1525 1951
1526 51
1527 49
1528 155
1529 2491
1530 1203
1531 225
1532 315
1533 73
1534 1893
1535 1317
1536 3453
1537 175
1538 651
1539 235
1540 417
1541 195
1542 1371
1543 1309
1544 617
1545 1081
1546 2747
1547 831
1548 1095
1549 571
1550 3317
1551 2617
1552 1397
1553 4381
1554 485
1555 1711
1556 245
1557 1441
1558 2661
1559 687
1560 1323
1561 1999
1562 1097
1563 409
1564 587
1565 135
1566 1655
1567 307
1568 1137
1569 403
1570 3185
1571 1101
1572 737
1573 45
1574 1233
1575 669
1576 125
1577 1555
1578 585
1579 57
1580 129
1581 415
1582 2355
1583 211
1584 557
1585 1111
1586 107
1587 1077
1588 615
1589 21
1590 9903
1591 3015
1592 23
1593 1105
1594 2147
1595 1057
1596 965
1597 2203
1598 231
1599 745
1600 2273
1601 765
1602 797
1603 3379
1604 1797
1605 1161
1606 2457
1607 399
1608 107
1609 339
1610 267
1611 1119
1612 3015
1613 1525
1614 2307
1615 1609
1616 723
1617 1405
1618 1361
1619 1461
1620 1875
1621 109
1622 3263
1623 4347
1624 537
1625 1909
1626 3335
1627 727
1628 2057
1629 63
1630 1151
1631 861
1632 605
1633 91
1634 561
1635 531
1636 2775
1637 1083
1638 65
1639 1627
1640 387
1641 885
1642 315
1643 1149
1644 219
1645 3561
1646 15
1647 1677
1648 1049
1649 163
1650 2153
1651 4975
1652 3429
1653 2013
1654 437
1655 987
1656 2183
1657 309
1658 887
1659 1389
1660 675
1661 6583
1662 1491
1663 1237
1664 1233
1665 469
1666 525
1667 495
1668 23
1669 153
1670 1331
1671 1221
1672 4469
1673 2679
1674 1575
1675 777
1676 1265
1677 181
1678 1685
1679 1797
1680 759
1681 1291
1682 177
1683 165
1684 1187
1685 343
1686 171
1687 741
1688 3173
1689 735
1690 161
1691 259
1692 1983
1693 901
1694 911
1695 877
1696 1113
1697 1689
1698 33
1699 871
1700 395
1701 2263
1702 1163
1703 717
1704 635
1705 1063
1706 1877
1707 949
1708 1137
1709 1099
1710 747
1711 2085
1712 3885
1713 21
1714 3587
1715 1881
1716 359
1717 475
1718 243
1719 1525
1720 977
1721 1351
1722 485
1723 669
1724 539
1725 61
1726 573
1727 1309
1728 1115
1729 999
1730 1851
1731 319
1732 69
1733 399
1734 837
1735 2055
1736 3
1737 2001
1738 3755
1739 57
1740 5925
1741 271
1742 723
1743 637
1744 2519
1745 1581
1746 543
1747 1719
1748 693
1749 1635
1750 717
1751 1297
1752 167
1753 391
1754 801
1755 889
1756 1533
1757 541
1758 497
1759 937
1760 2123
1761 1339
1762 1877
1763 511
1764 4359
1765 3595
1766 2207
1767 171
1768 537
1769 1521
1770 1151
1771 2097
1772 563
1773 975
1774 711
1775 1137
1776 1073
1777 175
1778 495
1779 1885
1780 197
1781 2439
1782 4781
1783 771
1784 297
1785 1995
1786 1751
1787 651
1788 279
1789 2623
1790 975
1791 597
1792 963
1793 603
1794 65
1795 721
1796 885
1797 961
1798 323
1799 1855
1800 2163
1801 2649
1802 371
1803 321
1804 1085
1805 771
1806 2243
1807 2359
1808 3009
1809 405
1810 761
1811 1381
1812 2163
1813 1551
1814 2505
1815 759
1816 2439
1817 2259
1818 5
1819 207
1820 663
1821 625
1822 2747
1823 2485
1824 6723
1825 685
1826 2805
1827 1257
1828 615
1829 891
1830 3705
1831 2379
1832 4683
1833 61
1834 873
1835 1065
1836 629
1837 2233
1838 657
1839 3259
1840 455
1841 163
1842 663
1843 2425
1844 2123
1845 4821
1846 2747
1847 2169
1848 195
1849 309
1850 15
1851 217
1852 1239
1853 579
1854 1155
1855 579
1856 1767
1857 2149
1858 3287
1859 271
1860 119
1861 439
1862 3881
1863 979
1864 119
1865 979
1866 567
1867 511
1868 1965
1869 2401
1870 57
1871 457
1872 1889
1873 1063
1874 87
1875 79
1876 2075
1877 829
1878 521
1879 1681
1880 119
1881 2259
1882 1593
1883 285
1884 1137
1885 4189
1886 2687
1887 181
1888 129
1889 2241
1890 1025
1891 15
1892 1067
1893 4293
1894 425
1895 1527
1896 1685
1897 559
1898 4053
1899 1915
1900 395
1901 675
1902 1161
1903 631
1904 99
1905 783
1906 573
1907 2527
1908 633
1909 1011
1910 1175
1911 987
1912 1149
1913 315
1914 963
1915 2239
1916 1587
1917 223
1918 1523
1919 537
1920 1503
1921 2443
1922 2417
1923 441
1924 7085
1925 3625
1926 1361
1927 175
1928 1473
1929 1441
1930 707
1931 49
1932 219
1933 775
1934 741
1935 181
1936 615
1937 85
1938 5627
1939 55
1940 4515
1941 1453
1942 797
1943 609
1944 1005
1945 1071
1946 1133
1947 769
1948 2747
1949 199
1950 1691
1951 847
1952 3479
1953 661
1954 111
1955 1167
1956 275
1957 1249
1958 815
1959 2581
1960 129
1961 2401
1962 1641
1963 519
1964 1653
1965 1153
1966 41
1967 2935
1968 303
1969 1831
1970 3531
1971 1561
1972 45
1973 2379
1974 5465
1975 517
1976 393
1977 319
1978 2003
1979 1707
1980 3645
1981 4101
1982 513
1983 7
1984 815
1985 841
1986 1067
1987 2115
1988 605
1989 2335
1990 1151
1991 2227
1992 189
1993 739
1994 2127
1995 147
1996 2397
1997 583
1998 485
1999 2131
2000 2217
2001 921
2002 297
2003 4381
2004 213
2005 235
2006 57
2007 2265
2008 797
2009 1965
2010 495
2011 3211
2012 363
2013 699
2014 2531
2015 1087
2016 5133
2017 2359
2018 495
2019 1231
2020 69
2021 229
2022 53
2023 985
2024 537
2025 1125
2026 1553
2027 1755
2028 2825
2029 2185
2030 1085
2031 1995
2032 567
2033 69
2034 3927
2035 217
2036 567
2037 1993
2038 963
2039 805
2040 359
2041 921
2042 1011
2043 549
2044 63
2045 301
2046 633
2047 85
2048 1557
2049 1449
2050 7323
2051 289
2052 395
2053 2211
2054 675
2055 321
2056 1037
2057 505
2058 203
2059 1345
2060 1863
2061 511
2062 315
2063 1479
2064 2307
2065 129
2066 4443
2067 1131
2068 1617
2069 3241
2070 611
2071 5059
2072 863
2073 735
2074 2723
2075 117
2076 465
2077 453
2078 593
2079 1837
2080 3339
2081 75
2082 5105
2083 5031
2084 1037
2085 3441
2086 833
2087 2275
2088 537
2089 465
2090 215
2091 199
2092 3947
2093 603
2094 2331
2095 537
2096 1679
2097 1021
2098 1035
2099 3345
2100 783
2101 1491
2102 3561
2103 4797
2104 2289
2105 1911
2106 2247
2107 1407
2108 4137
2109 4141
2110 363
2111 187
2112 887
2113 2283
2114 2003
2115 6081
2116 293
2117 475
2118 1937
2119 2869
2120 1193
2121 1251
2122 3003
2123 5097
2124 1115
2125 4375
2126 93
2127 849
2128 2337
2129 429
2130 161
2131 199
2132 999
2133 7465
2134 1175
2135 2625
2136 1305
2137 175
2138 1515
2139 2271
2140 1377
2141 345
2142 803
2143 861
2144 215
2145 429
2146 3053
2147 5241
2148 759
2149 1713
2150 6743
2151 1255
2152 1767
2153 1569
2154 2021
2155 97
2156 153
2157 483
2158 3473
2159 619
2160 1763
2161 4659
2162 233
2163 1615
2164 2055
2165 229
2166 773
2167 129
2168 2715
2169 51
2170 3381
2171 597
2172 387
2173 651
2174 2715
2175 2149
2176 1833
2177 373
2178 801
2179 4107
2180 3813
2181 663
2182 1457
2183 309
2184 4949
2185 7951
2186 1907
2187 507
2188 249
2189 381
2190 1763
2191 771
2192 4839
2193 1003
2194 165
2195 1975
2196 789
2197 1945
2198 1311
2199 2299
2200 153
2201 283
2202 1763
2203 1
2204 2295
2205 39
2206 2681
2207 69
2208 7559
2209 1483
2210 761
2211 2511
2212 369
2213 1003
2214 1451
2215 619
2216 3159
2217 1749
2218 711
2219 3151
2220 1775
2221 735
2222 3143
2223 1869
2224 867
2225 141
2226 5367
2227 1971
2228 359
2229 2205
2230 563
2231 1605
2232 597
2233 649
2234 1533
2235 1467
2236 873
2237 1869
2238 2175
2239 2079
2240 99
2241 1171
2242 1497
2243 831
2244 1329
2245 1483
2246 227
2247 2125
2248 1805
2249 289
2250 1631
2251 201
2252 615
2253 3051
2254 867
2255 1329
2256 1689
2257 1593
2258 437
2259 937
2260 4323
2261 259
2262 497
2263 109
2264 869
2265 2785
2266 1803
2267 499
2268 2103
2269 201
2270 267
2271 2511
2272 845
2273 4623
2274 861
2275 619
2276 567
2277 2095
2278 171
2279 4539
2280 1329
2281 1
2282 117
2283 1509
2284 129
2285 771
2286 1085
2287 2131
2288 1545
2289 201
2290 363
2291 415
2292 2313
2293 2419
2294 3585
2295 301
2296 2465
2297 3621
2298 2175
2299 1057
2300 743
2301 1525
2302 747
2303 2667
2304 1857
2305 1863
2306 2663
2307 1887
2308 447
2309 271
2310 2265
2311 1959
2312 743
2313 429
2314 2213
2315 5671
2316 1157
2317 1615
2318 3561
2319 7
2320 4103
2321 3
2322 405
2323 2245
2324 1007
2325 579
2326 1235
2327 2145
2328 65
2329 85
2330 3533
2331 3385
2332 1893
2333 121
2334 2613
2335 565
2336 99
2337 4125
2338 771
2339 1479
2340 2187
2341 703
2342 911
2343 3009
2344 87
2345 723
2346 1271
2347 5611
2348 623
2349 1893
2350 1763
2351 37
2352 237
2353 109
2354 1437
2355 415
2356 6879
2357 8545
2358 983
2359 91
2360 5145
2361 691
2362 2517
2363 435
2364 395
2365 481
2366 533
2367 3721
2368 5
2369 3703
2370 41
2371 3931
2372 1779
2373 105
2374 4817
2375 1279
2376 3447
2377 771
2378 87
2379 51
2380 519
2381 169
2382 3597
2383 9205
2384 999
2385 273
2386 927
2387 517
2388 1409
2389 1299
2390 7353
2391 1101
2392 893
2393 673
2394 411
2395 3759
2396 303
2397 193
2398 1383
2399 429
2400 5
2401 579
2402 75
2403 795
2404 1625
2405 213
2406 6783
2407 1959
2408 309
2409 165
2410 1023
2411 2245
2412 3353
2413 5841
2414 317
2415 181
2416 8679
2417 391
2418 1287
2419 649
2420 1547
2421 349
2422 525
2423 495
2424 945
2425 141
2426 1491
2427 445
2428 875
2429 1263
2430 905
2431 637
2432 3723
2433 2565
2434 1953
2435 2515
2436 2687
2437 1209
2438 1965
2439 2757
2440 4355
2441 531
2442 2603
2443 2415
2444 3849
2445 4771
2446 333
2447 2305
2448 347
2449 241
2450 1095
2451 37
2452 467
2453 4363
2454 567
2455 339
2456 1997
2457 45
2458 315
2459 1765
2460 2699
2461 115
2462 327
2463 511
2464 129
2465 759
2466 1127
2467 2197
2468 987
2469 2665
2470 167
2471 997
2472 3815
2473 4059
2474 1307
2475 429
2476 129
2477 771
2478 681
2479 2407
2480 317
2481 2131
2482 6405
2483 31
2484 7103
2485 2539
2486 443
2487 585
2488 507
2489 183
2490 143
2491 2545
2492 2955
2493 2425
2494 1131
2495 831
2496 257
2497 1245
2498 353
2499 7
2500 1623
2501 1183
2502 1157
2503 1627
2504 285
2505 451
2506 1191
2507 2311
2508 1599
2509 3115
2510 3537
2511 679
2512 377
2513 1885
2514 413
2515 777
2516 1353
2517 501
2518 1655
2519 7281
2520 653
2521 3855
2522 3083
2523 979
2524 2427
2525 1645
2526 765
2527 27
2528 869
2529 991
2530 381
2531 231
2532 2313
2533 2509
2534 243
2535 2851
2536 12053
2537 7183
2538 243
2539 547
2540 293
2541 1255
2542 155
2543 769
2544 1937
2545 1645
2546 717
2547 91
2548 2777
2549 6231
2550 3153
2551 55
2552 285
2553 2169
2554 455
2555 1399
2556 195
2557 369
2558 681
2559 709
2560 75
2561 615
2562 2961
2563 1357
2564 239
2565 861
2566 497
2567 5775
2568 177
2569 45
2570 351
2571 3295
2572 867
2573 1623
2574 245
2575 459
2576 4499
2577 3591
2578 155
2579 1357
2580 77
2581 3153
2582 3047
2583 1257
2584 2229
2585 1465
2586 1545
2587 607
2588 2057
2589 121
2590 5645
2591 6721
2592 2235
2593 1851
2594 1533
2595 601
2596 2397
2597 8893
2598 651
2599 3675
2600 999
2601 5025
2602 705
2603 5287
2604 1209
2605 2373
2606 231
2607 409
2608 1343
2609 973
2610 1095
2611 1711
2612 3767
2613 963
2614 327
2615 1071
2616 107
2617 1639
2618 1553
2619 975
2620 405
2621 4275
2622 401
2623 2301
2624 149
2625 375
2626 1287
2627 801
2628 639
2629 313
2630 2117
2631 2937
2632 1713
2633 135
2634 167
2635 771
2636 1979
2637 255
2638 71
2639 2175
2640 1995
2641 693
2642 833
2643 949
2644 1263
2645 343
2646 1323
2647 5325
2648 569
2649 355
2650 383
2651 2365
2652 1547
2653 5451
2654 3827
2655 1161
2656 437
2657 4483
2658 833
2659 4291
2660 387
2661 3091
2662 383
2663 1231
2664 2985
2665 979
2666 87
2667 387
2668 1083
2669 2325
2670 2253
2671 7995
2672 89
2673 3643
2674 315
2675 181
2676 45
2677 2175
2678 2607
2679 531
2680 7739
2681 2383
2682 2021
2683 2535
2684 395
2685 513
2686 2555
2687 3111
2688 2529
2689 741
2690 933
2691 1287
2692 669
2693 4035
2694 123
2695 477
2696 5129
2697 2895
2698 2385
2699 1305
2700 773
2701 1425
2702 425
2703 277
2704 227
2705 2731
2706 1487
2707 559
2708 653
2709 4353
2710 525
2711 1287
2712 143
2713 1671
2714 315
2715 1927
2716 2555
2717 2113
2718 2253
2719 5181
2720 1869
2721 865
2722 1293
2723 1269
2724 345
2725 2469
2726 5375
2727 1117
2728 1149
2729 2395
2730 4223
2731 4159
2732 2213
2733 409
2734 2061
2735 31
2736 2175
2737 1449
2738 6657
2739 6051
2740 875
2741 1903
2742 2421
2743 2337
2744 297
2745 1921
2746 545
2747 301
2748 2763
2749 3091
2750 275
2751 3051
2752 2693
2753 2641
2754 4791
2755 7071
2756 149
2757 2005
2758 197
2759 2047
2760 1955
2761 1621
2762 4641
2763 5697
2764 1203
2765 3199
2766 191
2767 4521
2768 1253
2769 55
2770 1991
2771 3109
2772 353
2773 1525
2774 3285
2775 361
2776 213
2777 8805
2778 717
2779 2251
2780 3645
2781 5295
2782 333
2783 3877
2784 4619
2785 141
2786 435
2787 769
2788 3869
2789 1113
2790 2231
2791 3325
2792 6069
2793 313
2794 1385
2795 1585
2796 749
2797 181
2798 1623
2799 81
2800 909
2801 391
2802 1745
2803 145
2804 843
2805 3219
2806 4845
2807 127
2808 5885
2809 2689
2810 4613
2811 1909
2812 533
2813 931
2814 983
2815 1041
2816 2247
2817 55
2818 743
2819 1797
2820 213
2821 183
2822 3921
2823 3157
2824 2103
2825 1045
2826 807
2827 1447
2828 675
2829 1231
2830 4611
2831 21
2832 173
2833 139
2834 117
2835 6529
2836 195
2837 2743
2838 3377
2839 1347
2840 3905
2841 9
2842 63
2843 429
2844 10187
2845 5941
2846 107
2847 1287
2848 1779
2849 1573
2850 951
2851 1855
2852 419
2853 3919
2854 3375
2855 327
2856 753
2857 351
2858 41
2859 471
2860 137
2861 1483
2862 515
2863 801
2864 1337
2865 1945
2866 371
2867 3057
2868 249
2869 979
2870 1637
2871 5235
2872 1659
2873 2721
2874 161
2875 4969
2876 6245
2877 1479
2878 171
2879 799
2880 2499
2881 411
2882 525
2883 3835
2884 147
2885 765
2886 291
2887 6451
2888 2877
2889 5929
2890 305
2891 327
2892 363
2893 2029
2894 1821
2895 1621
2896 1235
2897 313
2898 3135
2899 2409
2900 159
2901 273
2902 791
2903 6075
2904 1493
2905 4623
2906 3365
2907 2307
2908 819
2909 255
2910 1991
2911 1881
2912 3947
2913 1129
2914 1341
2915 157
2916 227
2917 5383
2918 1073
2919 2091
2920 669
2921 1011
2922 4155
2923 3009
2924 1695
2925 1053
2926 1457
2927 1485
2928 2439
2929 711
2930 275
2931 1879
2932 1097
2933 1711
2934 1757
2935 5377
2936 899
2937 4041
2938 4103
2939 289
2940 2309
2941 1015
2942 197
2943 471
2944 89
2945 451
2946 873
2947 727
2948 1617
2949 1575
2950 105
2951 477
2952 63
2953 3909
2954 5475
2955 8439
2956 1625
2957 2155
2958 6893
2959 1147
2960 369
2961 1609
2962 4245
2963 247
2964 1217
2965 6549
2966 2667
2967 361
2968 4383
2969 3331
2970 4953
2971 4291
2972 1077
2973 1389
2974 2033
2975 385
2976 1407
2977 861
2978 1701
2979 129
2980 195
2981 1755
2982 837
2983 279
2984 1125
2985 765
2986 5057
2987 1141
2988 1799
2989 475
2990 3507
2991 889
2992 6237
2993 841
2994 8837
2995 1845
2996 677
2997 8229
2998 2661
2999 1417
3000 2699
3001 2113
3002 3443
3003 397
3004 1517
3005 205
3006 717
3007 1509
3008 3057
3009 789
3010 785
3011 2527
3012 4443
3013 399
3014 57
3015 805
3016 167
3017 1993
3018 303
3019 1369
3020 1539
3021 481
3022 1131
3023 645
3024 3933
3025 1665
3026 923
3027 1909
3028 105
3029 1531
3030 483
3031 2449
3032 2429
3033 3663
3034 4275
3035 145
3036 1697
3037 759
3038 813
3039 777
3040 6287
3041 385
3042 3875
3043 3741
3044 455
3045 361
3046 2471
3047 979
3048 3603
3049 573
3050 2621
3051 5361
3052 1653
3053 5073
3054 2841
3055 4675
3056 57
3057 1423
3058 5237
3059 2229
3060 107
3061 2091
3062 231
3063 1221
3064 2987
3065 1863
3066 6951
3067 5997
3068 1575
3069 3591
3070 237
3071 187
3072 47
3073 841
3074 521
3075 1687
3076 323
3077 855
3078 2103
3079 25
3080 189
3081 241
3082 573
3083 717
3084 5793
3085 3513
3086 951
3087 25
3088 3473
3089 3411
3090 2525
3091 6739
3092 539
3093 501
3094 143
3095 489
3096 5319
3097 2413
3098 8697
3099 3511
3100 2609
3101 4089
3102 3087
3103 175
3104 587
3105 289
3106 1341
3107 289
3108 2477
3109 1621
3110 603
3111 1495
3112 875
3113 3939
3114 6801
3115 3379
3116 3149
3117 4345
3118 885
3119 867
3120 75
3121 1701
3122 111
3123 1959
3124 2433
3125 75
3126 2415
3127 889
3128 5
3129 159
3130 1215
3131 5797
3132 3057
3133 73
3134 1191
3135 2589
3136 2507
3137 1093
3138 2583
3139 2931
3140 1083
3141 703
3142 5085
3143 1569
3144 1035
3145 861
3146 1463
3147 2665
3148 173
3149 6685
3150 4725
3151 2887
3152 4563
3153 3085
3154 581
3155 729
3156 2609
3157 2083
3158 2813
3159 675
3160 875
3161 831
3162 401
3163 1455
3164 629
3165 2079
3166 237
3167 351
3168 1227
3169 445
3170 1191
3171 1561
3172 4299
3173 495
3174 237
3175 1345
3176 203
3177 2403
3178 143
3179 577
3180 1955
3181 7143
3182 6665
3183 4357
3184 1007
3185 1273
3186 501
3187 7321
3188 315
3189 145
3190 363
3191 831
3192 1725
3193 1291
3194 1881
3195 4405
3196 147
3197 2583
3198 5907
3199 187
3200 1683
3201 1089
3202 263
3203 2569
3204 165
3205 189
3206 657
3207 1005
3208 5319
3209 13531
3210 917
3211 4285
3212 377
3213 61
3214 2817
3215 1557
3216 2469
3217 1
3218 75
3219 969
3220 9609
3221 853
3222 1805
3223 1209
3224 1373
3225 8209
3226 221
3227 4009
3228 593
3229 13
3230 2303
3231 4059
3232 755
3233 9451
3234 257
3235 1875
3236 1349
3237 3
3238 1457
3239 1867
3240 863
3241 2275
3242 203
3243 891
3244 2085
3245 1183
3246 893
3247 501
3248 495
3249 3421
3250 5855
3251 351
3252 1619
3253 1215
3254 2691
3255 1951
3256 4119
3257 433
3258 921
3259 577
3260 2495
3261 1995
3262 2475
3263 2025
3264 1703
3265 7375
3266 267
3267 2901
3268 743
3269 14443
3270 231
3271 6051
3272 2507
3273 1479
3274 3057
3275 3151
3276 749
3277 5809
3278 4445
3279 231
3280 1635
3281 639
3282 2165
3283 475
3284 2309
3285 991
3286 1295
3287 1219
3288 2163
3289 525
3290 3281
3291 765
3292 2427
3293 2331
3294 5427
3295 2371
3296 2729
3297 1665
3298 1967
3299 3781
3300 777
3301 1821
3302 1233
3303 1171
3304 99
3305 4359
3306 347
3307 4591
3308 4137
3309 3199
3310 5813
3311 771
3312 839
3313 43
3314 2691
3315 121
3316 2285
3317 3895
3318 681
3319 3037
3320 4587
3321 2491
3322 953
3323 139
3324 1955
3325 1513
3326 3225
3327 585
3328 2639
3329 661
3330 4007
3331 199
3332 843
3333 3765
3334 2027
3335 531
3336 8507
3337 4051
3338 23
3339 1245
3340 425
3341 31
3342 2247
3343 237
3344 4287
3345 1105
3346 1533
3347 1557
3348 4475
3349 3805
3350 975
3351 675
3352 3479
3353 1023
3354 1005
3355 2139
3356 2465
3357 2881
3358 1013
3359 1951
3360 4085
3361 711
3362 1221
3363 3615
3364 1307
3365 9
3366 2037
3367 3867
3368 4185
3369 3015
3370 2757
3371 765
3372 1479
3373 3513
3374 363
3375 985
3376 945
3377 621
3378 4137
3379 559
3380 2673
3381 2509
3382 483
3383 3769
3384 1299
3385 313
3386 335
3387 2121
3388 195
3389 1219
3390 3761
3391 1627
3392 1079
3393 1131
3394 2861
3395 6187
3396 3033
3397 2343
3398 6893
3399 537
3400 5433
3401 3393
3402 1865
3403 4359
3404 857
3405 1899
3406 203
3407 1405
3408 1649
3409 183
3410 2463
3411 1969
3412 1769
3413 901
3414 4871
3415 295
3416 6645
3417 4339
3418 2187
3419 1965
3420 689
3421 1089
3422 4377
3423 895
3424 2409
3425 2311
3426 2901
3427 1795
3428 2603
3429 6285
3430 357
3431 10257
3432 3237
3433 2595
3434 1515
3435 2565
3436 3027
3437 1249
3438 447
3439 55
3440 549
3441 933
3442 2513
3443 91
3444 1265
3445 2335
3446 257
3447 2221
3448 4155
3449 2829
3450 423
3451 691
3452 2285
3453 973
3454 1055
3455 1401
3456 695
3457 2341
3458 4551
3459 1209
3460 2027
3461 663
3462 1215
3463 2875
3464 6503
3465 5679
3466 1251
3467 2931
3468 545
3469 1431
3470 765
3471 3595
3472 1167
3473 1963
3474 1427
3475 759
3476 1629
3477 3231
3478 4845
3479 3997
3480 1487
3481 1513
3482 2043
3483 829
3484 6843
3485 1309
3486 1097
3487 705
3488 5585
3489 33
3490 227
3491 5379
3492 45
3493 1485
3494 2541
3495 199
3496 6663
3497 3655
3498 681
3499 1417
3500 1697
3501 853
3502 1047
3503 435
3504 1997
3505 2341
3506 4677
3507 1237
3508 417
3509 1125
3510 2505
3511 1305
3512 1407
3513 3661
3514 917
3515 495
3516 1635
3517 1609
3518 5925
3519 1509
3520 6063
3521 645
3522 4253
3523 2145
3524 4245
3525 493
3526 393
3527 387
3528 567
3529 7459
3530 1175
3531 361
3532 2465
3533 8395
3534 1563
3535 14859
3536 203
3537 1003
3538 77
3539 2695
3540 1599
3541 2209
3542 7217
3543 691
3544 1865
3545 2751
3546 5301
3547 6951
3548 7643
3549 1323
3550 227
3551 177
3552 797
3553 1741
3554 1097
3555 951
3556 3317
3557 3799
3558 3185
3559 1089
3560 2669
3561 3703
3562 473
3563 5979
3564 2207
3565 1461
3566 5801
3567 10615
3568 459
3569 2119
3570 1323
3571 3745
3572 677
3573 3135
3574 1161
3575 1555
3576 7817
3577 1581
3578 423
3579 3159
3580 1103
3581 2085
3582 1277
3583 3097
3584 429
3585 411
3586 1911
3587 181
3588 1635
3589 3403
3590 1443
3591 6169
3592 4967
3593 8541
3594 5315
3595 2547
3596 8597
3597 985
3598 1761
3599 157
3600 1193
3601 2713
3602 1821
3603 1287
3604 6359
3605 1021
3606 3513
3607 3525
3608 1139
3609 4335
3610 563
3611 4209
3612 3675
3613 3085
3614 983
3615 2527
3616 3927
3617 9169
3618 3035
3619 2659
3620 4877
3621 403
3622 6005
3623 159
3624 3015
3625 8905
3626 827
3627 529
3628 1473
3629 2241
3630 495
3631 489
3632 17
3633 579
3634 4721
3635 1035
3636 1083
3637 589
3638 1575
3639 1795
3640 1749
3641 3099
3642 1397
3643 2061
3644 2565
3645 405
3646 3305
3647 1819
3648 1335
3649 885
3650 4275
3651 2739
3652 515
3653 1521
3654 825
3655 6919
3656 1457
3657 49
3658 1067
3659 6469
3660 1547
3661 693
3662 1727
3663 795
3664 1107
3665 5005
3666 5247
3667 3165
3668 609
3669 19
3670 2565
3671 8055
3672 17105
3673 1639
3674 10311
3675 2547
3676 9569
3677 495
3678 75
3679 327
3680 135
3681 1789
3682 665
3683 51
3684 1763
3685 133
3686 645
3687 1251
3688 5087
3689 909
3690 4301
3691 2197
3692 3125
3693 121
3694 767
3695 7629
3696 3015
3697 3345
3698 8807
3699 829
3700 2015
3701 1263
3702 525
3703 1555
3704 1115
3705 123
3706 255
3707 955
3708 2859
3709 7501
3710 3513
3711 2067
3712 3449
3713 5955
3714 4455
3715 3427
3716 15465
3717 1543
3718 7713
3719 2535
3720 555
3721 1249
3722 8037
3723 8901
3724 3633
3725 1513
3726 861
3727 1039
3728 917
3729 1215
3730 281
3731 801
3732 117
3733 3543
3734 7031
3735 3231
3736 285
3737 1303
3738 1011
3739 6321
3740 317
3741 3063
3742 4355
3743 2485
3744 845
3745 5011
3746 345
3747 759
3748 3233
3749 2245
3750 531
3751 439
3752 6135
3753 2151
3754 963
3755 555
3756 675
3757 4035
3758 83
3759 1761
3760 11009
3761 225
3762 143
3763 111
3764 839
3765 2775
3766 1685
3767 1797
3768 6653
3769 2271
3770 2585
3771 2727
3772 5705
3773 549
3774 4463
3775 7
3776 2753
3777 14499
3778 495
3779 2421
3780 3219
3781 1495
3782 4007
3783 835
3784 3233
3785 8641
3786 1181
3787 327
3788 149
3789 405
3790 1071
3791 667
3792 11637
3793 229
3794 1595
3795 465
3796 3437
3797 639
3798 3465
3799 3759
3800 3729
3801 1473
3802 731
3803 919
3804 353
3805 4429
3806 567
3807 1959
3808 1439
3809 2971
3810 965
3811 2527
3812 1695
3813 2883
3814 6971
3815 2725
3816 3983
3817 6549
3818 1623
3819 2449
3820 899
3821 2869
3822 1683
3823 175
3824 3485
3825 3201
3826 14171
3827 225
3828 1487
3829 1321
3830 12437
3831 711
3832 789
3833 15
3834 2613
3835 1897
3836 1953
3837 709
3838 5885
3839 2515
3840 4953
3841 421
3842 3905
3843 7185
3844 267
3845 1311
3846 341
3847 3709
3848 3417
3849 1375
3850 3731
3851 729
3852 3713
3853 3505
3854 5063
3855 3645
3856 3057
3857 2409
3858 6701
3859 3265
3860 93
3861 111
3862 3267
3863 2469
3864 1767
3865 3451
3866 4443
3867 657
3868 4149
3869 1723
3870 143
3871 5017
3872 1925
3873 12369
3874 1113
3875 387
3876 1965
3877 1765
3878 131
3879 4249
3880 669
3881 1851
3882 971
3883 4575
3884 1965
3885 1521
3886 1383
3887 411
3888 555
3889 6093
3890 5141
3891 6051
3892 3105
3893 2751
3894 11
3895 727
3896 2057
3897 1003
3898 3563
3899 1309
3900 1679
3901 2623
3902 5547
3903 241
3904 2253
3905 2725
3906 1511
3907 4647
3908 1107
3909 6723
3910 3881
3911 415
3912 923
3913 1645
3914 2523
3915 591
3916 1449
3917 1101
3918 6453
3919 1657
3920 3053
3921 3649
3922 1197
3923 3489
3924 2375
3925 25
3926 677
3927 7129
3928 767
3929 13485
3930 3815
3931 571
3932 2255
3933 319
3934 2555
3935 1491
3936 1007
3937 669
3938 1743
3939 1185
3940 2385
3941 153
3942 5297
3943 799
3944 1445
3945 1111
3946 2931
3947 2247
3948 1745
3949 1083
3950 2913
3951 159
3952 12779
3953 451
3954 3
3955 6051
3956 6135
3957 549
3958 4877
3959 289
3960 1137
3961 5409
3962 453
3963 7009
3964 987
3965 1185
3966 243
3967 1681
3968 3723
3969 5239
3970 3165
3971 2625
3972 1889
3973 2499
3974 2207
3975 1377
3976 1869
3977 49
3978 25253
3979 3819
3980 933
3981 11749
3982 245
3983 777
3984 4755
3985 1189
3986 5637
3987 3451
3988 165
3989 6873
3990 335
3991 721
3992 1245
3993 5479
3994 5675
3995 1857
3996 587
3997 3981
3998 5081
3999 75
4000 2303
4001 129
4002 797
4003 4729
4004 5955
4005 2635
4006 3267
4007 2619
4008 195
4009 705
4010 255
4011 1081
4012 8055
4013 1395
4014 2855
4015 3007
4016 2129
4017 411
4018 4431
4019 3381
4020 1605
4021 4623
4022 681
4023 6237
4024 1383
4025 3463
4026 2865
4027 391
4028 4815
4029 1479
4030 6383
4031 3537
4032 2375
4033 739
4034 2495
4035 1141
4036 507
4037 861
4038 507
4039 87
4040 2717
4041 1489
4042 1025
4043 159
4044 1403
4045 1243
4046 5253
4047 5911
4048 2157
4049 2079
4050 1157
4051 15667
4052 813
4053 9315
4054 407
4055 1017
4056 2067
4057 349
4058 27
4059 1615
4060 825
4061 1275
4062 17
4063 445
4064 7215
4065 2071
4066 1251
4067 885
4068 2505
4069 3391
4070 825
4071 1137
4072 6929
4073 273
4074 1031
4075 5001
4076 18297
4077 1473
4078 1281
4079 507
4080 2645
4081 909
4082 2403
4083 1179
4084 125
4085 919
4086 1875
4087 2089
4088 975
4089 2329
4090 503
4091 2569
4092 3857
4093 7423
4094 4571
4095 1615
4096 2549
4097 783
4098 567
4099 645
4100 3747
4101 573
4102 501
4103 3369
4104 6107
4105 3015
4106 183
4107 2859
4108 309
4109 1935
4110 2271
4111 309
4112 6309
4113 2061
4114 4487
4115 2467
4116 1997
4117 1281
4118 7983
4119 1125
4120 1547
4121 685
4122 3311
4123 291
4124 1203
4125 1621
4126 5955
4127 4945
4128 4563
4129 1963
4130 1535
4131 447
4132 377
4133 3255
4134 653
4135 2479
4136 705
4137 739
4138 1287
4139 8499
4140 927
4141 5725
4142 2385
4143 14929
4144 1253
4145 4623
4146 605
4147 801
4148 2633
4149 7899
4150 6551
4151 3019
4152 1139
4153 2401
4154 1377
4155 5775
4156 4025
4157 873
4158 3531
4159 3535
4160 1017
4161 1665
4162 4467
4163 325
4164 257
4165 1095
4166 483
4167 1281
4168 209
4169 621
4170 305
4171 11511
4172 3015
4173 289
4174 11373
4175 4621
4176 5285
4177 991
4178 603
4179 4639
4180 1917
4181 6621
4182 6017
4183 729
4184 3267
4185 4185
4186 147
4187 1135
4188 7095
4189 5331
4190 7125
4191 481
4192 363
4193 909
4194 10311
4195 4075
4196 4943
4197 553
4198 4857
4199 547
4200 5469
4201 313
4202 1373
4203 1195
4204 3755
4205 381
4206 741
4207 2517
4208 12039
4209 165
4210 321
4211 2877
4212 6093
4213 6105
4214 1461
4215 16957
4216 1529
4217 379
4218 1277
4219 2251
4220 1587
4221 331
4222 1415
4223 3937
4224 2103
4225 2449
4226 1875
4227 2247
4228 3275
4229 861
4230 2253
4231 2737
4232 2879
4233 13
4234 2045
4235 1287
4236 2139
4237 439
4238 131
4239 7011
4240 1197
4241 2469
4242 13943
4243 1461
4244 1559
4245 3009
4246 7155
4247 1791
4248 2217
4249 253
4250 227
4251 451
4252 6423
4253 1
4254 3507
4255 2649
4256 1325
4257 1845
4258 425
4259 1885
4260 5087
4261 8949
4262 575
4263 1545
4264 3363
4265 2323
4266 941
4267 4047
4268 3473
4269 5509
4270 843
4271 2341
4272 1307
4273 1929
4274 1931
4275 7891
4276 489
4277 2215
4278 1805
4279 997
4280 3765
4281 1129
4282 827
4283 4831
4284 2883
4285 1711
4286 4053
4287 7279
4288 4593
4289 3349
4290 1997
4291 267
4292 1853
4293 2635
4294 4905
4295 37
4296 3513
4297 1455
4298 3771
4299 2079
4300 9135
4301 7345
4302 5583
4303 5397
4304 387
4305 2179
4306 347
4307 1575
4308 1607
4309 5599
4310 3765
4311 2779
4312 5393
4313 633
4314 1887
4315 171
4316 6497
4317 5091
4318 935
4319 10747
4320 3965
4321 3781
4322 1745
4323 6837
4324 1265
4325 3961
4326 5877
4327 1737
4328 2987
4329 4563
4330 8103
4331 301
4332 4319
4333 2785
4334 16211
4335 1629
4336 1635
4337 3655
4338 627
4339 1357
4340 833
4341 75
4342 633
4343 2367
4344 1595
4345 3769
4346 2835
4347 3205
4348 8789
4349 12463
4350 501
4351 195
4352 9663
4353 3345
4354 273
4355 385
4356 4823
4357 1495
4358 2031
4359 91
4360 1295
4361 7605
4362 2813
4363 2719
4364 7103
4365 699
4366 11033
4367 297
4368 1139
4369 4495
4370 777
4371 1071
4372 3687
4373 5955
4374 483
4375 6805
4376 2933
4377 2895
4378 173
4379 4135
4380 345
4381 6955
4382 6533
4383 4059
4384 9995
4385 535
4386 4157
4387 4087
4388 3173
4389 63
4390 957
4391 741
4392 89
4393 8721
4394 15
4395 817
4396 5327
4397 3645
4398 327
4399 2265
4400 549
4401 9721
4402 3435
4403 421
4404 5187
4405 2479
4406 1757
4407 1549
4408 1799
4409 3565
4410 2343
4411 3435
4412 5147
4413 885
4414 2421
4415 1315
4416 2589
4417 7551
4418 12621
4419 2389
4420 459
4421 3843
4422 10163
4423 1
4424 1883
4425 91
4426 2043
4427 1485
4428 185
4429 411
4430 911
4431 2799
4432 3573
4433 2641
4434 5105
4435 409
4436 4557
4437 5301
4438 1715
4439 141
4440 3603
4441 169
4442 285
4443 3727
4444 10655
4445 3813
4446 1817
4447 1557
4448 2463
4449 439
4450 203
4451 489
4452 347
4453 1741
4454 377
4455 4231
4456 5153
4457 321
4458 95
4459 8317
4460 429
4461 613
4462 1007
4463 4677
4464 2067
4465 1999
4466 5963
4467 2781
4468 2559
4469 3409
4470 4821
4471 2107
4472 8465
4473 865
4474 7635
4475 7087
4476 3489
4477 339
4478 11711
4479 6957
4480 3449
4481 2355
4482 6327
4483 13107
4484 1965
4485 391
4486 477
4487 367
4488 147
4489 3303
4490 3731
4491 3889
4492 5985
4493 1419
4494 2357
4495 6111
4496 3335
4497 2499
4498 18927
4499 1569
4500 3077
4501 669
4502 201
4503 3615
4504 2247
4505 8085
4506 321
4507 9745
4508 9285
4509 1255
4510 2043
4511 325
4512 2447
4513 3729
4514 1703
4515 75
4516 45
4517 2805
4518 6027
4519 4551
4520 8675
4521 3475
4522 2381
4523 1777
4524 4505
4525 1149
4526 3521
4527 2365
4528 45
4529 3951
4530 1971
4531 327
4532 5
4533 103
4534 15533
4535 129
4536 6285
4537 571
4538 981
4539 3469
4540 4259
4541 1099
4542 3635
4543 4339
4544 363
4545 5989
4546 1775
4547 1599
4548 143
4549 9859
4550 1461
4551 19
4552 3713
4553 405
4554 1343
4555 1315
4556 9339
4557 2601
4558 1445
4559 2329
4560 11919
4561 825
4562 2051
4563 997
4564 519
4565 111
4566 1145
4567 1567
4568 197
4569 1831
4570 7125
4571 667
4572 537
4573 15369
4574 1367
4575 3747
4576 4667
4577 1561
4578 4287
4579 2425
4580 533
4581 6625
4582 671
4583 6141
4584 1319
4585 4543
4586 1883
4587 135
4588 1505
4589 5631
4590 2757
4591 1897
4592 315
4593 4723
4594 455
4595 7735
4596 689
4597 1693
4598 495
4599 6241
4600 2847
4601 6823
4602 9275
4603 1639
4604 89
4605 3393
4606 9317
4607 849
4608 5975
4609 4189
4610 525
4611 615
4612 3639
4613 1965
4614 2061
4615 171
4616 1343
4617 5095
4618 12561
4619 4251
4620 5355
4621 1291
4622 4577
4623 1747
4624 1863
4625 6121
4626 315
4627 147
4628 819
4629 271
4630 1281
4631 2245
4632 3509
4633 3721
4634 2277
4635 157
4636 749
4637 2241
4638 2097
4639 2451
4640 4229
4641 4015
4642 503
4643 351
4644 1043
4645 1929
4646 93
4647 649
4648 1379
4649 8821
4650 1785
4651 5115
4652 1193
4653 625
4654 7605
4655 2215
4656 345
4657 181
4658 3135
4659 3129
4660 4325
4661 1755
4662 2895
4663 2467
4664 10373
4665 1809
4666 2615
4667 1015
4668 717
4669 4863
4670 1641
4671 1939
4672 5279
4673 1701
4674 3477
4675 3109
4676 413
4677 1299
4678 833
4679 49
4680 6437
4681 361
4682 4083
4683 1287
4684 207
4685 1821
4686 5547
4687 2107
4688 5537
4689 1105
4690 3087
4691 75
4692 1763
4693 5769
4694 8325
4695 4419
4696 2453
4697 2403
4698 455
4699 319
4700 3465
4701 829
4702 297
4703 187
4704 993
4705 8481
4706 1011
4707 2797
4708 5103
4709 1203
4710 1691
4711 237
4712 825
4713 11541
4714 3903
4715 1189
4716 483
4717 2385
4718 561
4719 51
4720 6383
4721 8121
4722 185
4723 3291
4724 10377
4725 1189
4726 927
4727 1447
4728 147
4729 343
4730 6845
4731 811
4732 7983
4733 849
4734 1895
4735 2245
4736 2283
4737 9433
4738 4187
4739 247
4740 1265
4741 2041
4742 317
4743 1351
4744 8435
4745 2259
4746 11415
4747 1065
4748 3585
4749 2935
4750 2031
4751 3625
4752 8439
4753 885
4754 5531
4755 525
4756 3849
4757 553
4758 5117
4759 3907
4760 1983
4761 459
4762 17141
4763 1087
4764 5025
4765 4935
4766 357
4767 1147
4768 4257
4769 2695
4770 13305
4771 411
4772 2135
4773 7011
4774 2687
4775 49
4776 4575
4777 1803
4778 681
4779 597
4780 10175
4781 1123
4782 635
4783 6579
4784 3927
4785 4231
4786 27
4787 5787
4788 923
4789 1099
4790 1307
4791 615
4792 1767
4793 1281
4794 1203
4795 2341
4796 3489
4797 3399
4798 2447
4799 1807
4800 1727
4801 45
4802 9323
4803 2019
4804 2225
4805 2401
4806 1371
4807 4857
4808 10395
4809 2103
4810 717
4811 691
4812 2973
4813 2881
4814 1253
4815 205
4816 1865
4817 1519
4818 4671
4819 1075
4820 1689
4821 1419
4822 3647
4823 4657
4824 7865
4825 1291
4826 3773
4827 481
4828 1943
4829 651
4830 917
4831 1111
4832 1619
4833 5109
4834 1971
4835 211
4836 5577
4837 679
4838 7275
4839 7245
4840 8903
4841 483
4842 2141
4843 1587
4844 279
4845 2713
4846 8657
4847 255
4848 189
4849 1995
4850 5991
4851 765
4852 1985
4853 351
4854 1055
4855 507
4856 1493
4857 2971
4858 923
4859 339
4860 905
4861 5005
4862 4265
4863 1575
4864 6255
4865 8965
4866 2655
4867 559
4868 2205
4869 819
4870 2565
4871 3979
4872 3177
4873 1585
4874 5297
4875 4459
4876 2573
4877 1323
4878 257
4879 1695
4880 3713
4881 9411
4882 6063
4883 1639
4884 2295
4885 3895
4886 5015
4887 9315
4888 4599
4889 4125
4890 11741
4891 265
4892 3299
4893 381
4894 12143
4895 3367
4896 2855
4897 61
4898 111
4899 5535
4900 677
4901 1233
4902 833
4903 8989
4904 1137
4905 691
4906 393
4907 4867
4908 10589
4909 5079
4910 1077
4911 12387
4912 75
4913 421
4914 387
4915 10267
4916 5687
4917 1785
4918 1473
4919 5005
4920 423
4921 399
4922 273
4923 6705
4924 2009
4925 735
4926 2837
4927 11911
4928 5669
4929 4771
4930 10785
4931 4987
4932 569
4933 6585
4934 9717
4935 355
4936 2285
4937 14511
4938 3035
4939 2007
4940 5693
4941 685
4942 467
4943 10501
4944 123
4945 1681
4946 3015
4947 2637
4948 677
4949 673
4950 1955
4951 5559
4952 1139
4953 15175
4954 3441
4955 2889
4956 4325
4957 7185
4958 2157
4959 13081
4960 1023
4961 3981
4962 747
4963 2629
4964 485
4965 415
4966 2001
4967 769
4968 1953
4969 6555
4970 18801
4971 7111
4972 1785
4973 1101
4974 14033
4975 10675
4976 909
4977 5383
4978 6843
4979 6099
4980 719
4981 1033
4982 267
4983 2469
4984 5993
4985 705
4986 3413
4987 6627
4988 11055
4989 3901
4990 1457
4991 14505
4992 4853
4993 5373
4994 1443
4995 3841
4996 2423
4997 2661
4998 5373
4999 1405
5000 2159







